4 7 1
2 7 1
5 6 1
5 7 4
6 3 6
6 5 1
6 7 4
7 5 1
7 7 4
8 5 1
9 5 1
15 6 1
16 5 1
17 4 1
18 6 2
19 3 1
19 5 1
19 6 1
19 7 1
20 3 1
21  5 5
21 3 1
22 3 1
23 3 1
24 3 1
25 3 1
26 8 3
27 5 6
28 5 6
29 5 6
31 5 6
31 7 4
32 5 6
32 7 4
33 5 1
33 7 4
34 5 1
34 7 4
39 6 1
40 5 1
41 6 2
43 8 3
45 3 1
46 3 1
47 3 1
48 3 1
49 3 1
53 5 5
55 5 5
58 5 5
62 3 4
62 4 6
63 3 4
63 4 6
64 3 4
64 4 6
65 3 4
65 4 6
66 3 4
66 4 6
67 6 2
75 7 1
76 5 4
76 6 1
76 7 1
77 5 1
77 6 1
77 7 1
79 5 1
79 6 1
79 7 1
80 8 3
83 7 4
84 7 4
85 7 4
86 7 4
87 6 2
94 6 2
99 7 1
100 6 1
101 5 1
102 4 6
103 4 6
105 4 6
106 4 6
107 4 6
108 8 3
110 5 6
110 8 3
112 8 3
113 6 2
114 8 3
116 8 3
117 4 4
117 5 6
118 8 3
119 2 4
119 3 6
120 8 3
122 6 2
122 8 3
124 8 3
126 8 3
129 7 4
130 7 4
131 7 4
132 7 4
133 5 6
134 5 6
135 5 6
136 5 6
137 5 6
140 7 1
141 6 1
141 7 1
142 5 1
142 7 4
143 7 4
144 5 4
144 6 1
144 7 4
145 7 4
149 6 2
157 8 3
160 6 2
165 7 1
166 6 1
166 7 1
167 5 1
167 6 1
167 7 1
168 7 4
169 7 4
170 7 4
171 7 4
172 7 4
173 7 4
